00000000000110110000000000000000000000000000000000000000000000000000000000010111000000000001110000000000000010100000000000000000
00000000000000000000000000000000000000000000000000000000000000000000000000010110000000000101101100000000000001100000000000000000
00000000000000110000000000000000000000000000000000000000000000000000000001010100000000000011110100000000000000000000000000000000
00000000000000000000000000000000000000000000000000000000000000000000000000110111000000000010010100000000000000000000000000000000
00000000000110010000000000000000000000000000000000000000001001010000000000111110000000000000000000000000000000000000000001101011
00000000000000000000000000000000000000000000000000000000000000000000000001010111000000000000000000000000000000000000000001111100
00000000000000000000000000000000000000000000000000000000001110000000000010010000000000000000000000000000000000000000000001000010
00000000000000000000000000000000000000000000000000000000000100000000000010010010000000000000000000000000000000000000000000001111
00000000011110000000000000000000000000000000000000000000100101010000000001111101000000000010101100000000000000000000000011100010
00000000010011100000000000000000000000000000000000000000101111100000000010101100000000001001111100000000000000000000000011100110
00000000000000000000000000000000000000000000000000000000111111110000000011010011000000000110111000000000000000000000000001101110
00000000000000000000000000000000000000000000000000000000100010100000000011001101000000000001001000000000000000000000000000001101
00000000001011000000000000000000000000000000000000000000011010100000000010100001000000000010010000000000000000000000000001010010
00000000000000000000000000000000000000000000000000000000010101110000000010101101000000001000100100000000000000000000000000000000
00000000000000000000000000000000000000000000000000000000010011100000000010100110000000000111000000000000000000000000000000000000
00000000000000000000000000000000000000000000000000000000000001010000000010000111000000000101010000000000000000000000000000000000