00000000000110111111111111010110111111111111001111111111110110000000000000010111000000000001110000000000000010101111111111011011
11111111111001111111111110111001111111111111001111111111100001010000000000010110000000000101101100000000000001101111111110111110
00000000000000111111111110111000111111111111010011111111101000100000000001010100000000000011110111111111111010001111111111000000
11111111101110001111111111000110111111111111110011111111101100110000000000110111000000000010010111111111111001111111111111010101
00000000000110011111111110100101111111111111011000000000001001010000000000111110111111111101011011111111111011000000000001101011
11111111111100001111111101010101111111111111110111111111111111010000000001010111111111111110101011111111101101000000000001111100
11111111111000001111111100111100111111111110110100000000001110000000000010010000111111111011100111111111100000000000000001000010
11111111100101111111111101101101111111111100001100000000000100000000000010010010111111111011001111111111100110000000000000001111
00000000011110001111111101110010111111111100111100000000100101010000000001111101000000000010101111111111101100110000000011100010
00000000010011101111111011101010111111111100100100000000101111100000000010101100000000001001111111111111010101110000000011100110
11111111111101111111111010101100111111111011100000000000111111110000000011010011000000000110111011111111010110000000000001101110
11111111101100101111111100011010111111111010001000000000100010100000000011001101000000000001001011111111011011110000000000001101
00000000001011001111111101101100111111111100011000000000011010100000000010100001000000000010010011111111110110100000000001010010
11111111111010011111111011010101111111111100001100000000010101110000000010101101000000001000100111111111101011011111111111101001
11111111100010001111111010101110111111111100100000000000010011100000000010100110000000000111000011111111101111101111111101111100
11111111011111001111111100011111111111111100001100000000000001010000000010000111000000000101010011111111101100111111111101111100
