00000000000000000000000000000000000000000000000000000000110110110000000000000000000000000000000000000000000000000000000000000000
00000000000110000000000000000000000000000000000000000001000101110000000000000000000000000000000000000000000000000000000000000000
00000000000000000000000000000000000000000000000000000001001100010000000000000000000000000000000000000000000000000000000000000000
00000000000000000000000000000000000000000000000000000001001010010000000000000000000000000000000000000000000000000000000000000000
00000000000000000000000000000000000000000000000000000001011001000000000000000000000000000000000000000000000000000000000000000000
00000000000011000000000000000000000000000000000000000001100111100000000000000000000000000000000000000000000000000000000000000000
00000000000000000000000000000000000000000000000000000001011011000000000000000100000000000000000000000000000000000000000000000000
00000000000000000000000000000000000000000000000000000001011010000000000000000000000000000000000000000000000000000000000000000000


