00000000000000011111111111111110111111111111101011111111111110110000000000000100111111111111111011111111111111100000000000000010
00000000000000011111111111111110111111111111101011111111111110110000000000000100111111111111111011111111111111100000000000000010
00000000000000011111111111111110111111111111101011111111111110110000000000000100111111111111111011111111111111100000000000000010
00000000000000011111111111111110111111111111101011111111111110110000000000000100111111111111111011111111111111100000000000000010
00000000000000101111111111111101111111111111010111111111111110100000000000000101111111111111101011111111111110110000000000000110
00000000000000011111111111111101111111111111100111111111111110100000000000000100111111111111110111111111111111100000000000000101
00000000000000011111111111111110111111111111101011111111111110110000000000000100111111111111111011111111111111100000000000000010
00000000000000011111111111111110111111111111101011111111111110110000000000000100111111111111111011111111111111100000000000000010
00000000000010001111111111111111111111111111010111111111111111110000000000000110111111111111001111111111111110000000000000000111
00000000000001000000000000000000111111111111101100000000000000000000000000000011111111111111101011111111111111000000000000000010
00000000000000011111111111111110111111111111101011111111111110110000000000000100111111111111111011111111111111100000000000000010
00000000000000011111111111111110111111111111101011111111111110110000000000000100111111111111111011111111111111100000000000000010
00000000000001110000000000000000111111111111101000000000000000000000000000000101111111111111011111111111111110110000000000000011
00000000000001110000000000000000111111111111101000000000000000000000000000000101111111111111011111111111111110110000000000000011
00000000000000011111111111111110111111111111101011111111111110110000000000000100111111111111111011111111111111100000000000000010
11111111111111100000000000000001000000000000000011111111111111000000000000000010000000000000000000000000000000000000000000000000
