00000000000000010000000000000000000000000000000100000000000000010000000000000100111111111111111111111111111111110000000000000000
00000000000000010000000000000000000000000000000100000000000000010000000000000100111111111111111111111111111111110000000000000000
00000000000000010000000000000000000000000000000100000000000000010000000000000100111111111111111111111111111111110000000000000000
00000000000000010000000000000000000000000000000100000000000000010000000000000100111111111111111111111111111111110000000000000000
00000000000000101111111111111011000000000000000100000000000000000000000000000111000000000000001000000000000000010000000000000100
00000000000000101111111111111100000000000000000111111111111111110000000000000100000000000000000100000000000000010000000000000100
00000000000000010000000000000000000000000000000100000000000000010000000000000100111111111111111111111111111111110000000000000000
00000000000000010000000000000000000000000000000100000000000000010000000000000100111111111111111111111111111111110000000000000000
00000000000000111111111111111010111111111111111000000000000001000000000000000110000000000000000011111111111111100000000000001010
00000000000000011111111111111111111111111111111100000000000000110000000000000011111111111111111111111111111111100000000000000011
00000000000000010000000000000000000000000000000100000000000000010000000000000100111111111111111111111111111111110000000000000000
00000000000000010000000000000000000000000000000100000000000000010000000000000100111111111111111111111111111111110000000000000000
00000000000000101111111111111111111111111111111000000000000001010000000000000011111111111111110111111111111111000000000000000110
00000000000000101111111111111111111111111111111000000000000001010000000000000011111111111111110111111111111111000000000000000110
00000000000000010000000000000000000000000000000100000000000000010000000000000100111111111111111111111111111111110000000000000000
00000000000000111111111111111110111111111111111000000000000000100000000000000001000000000000000011111111111111111111111111111111
