11111111111111011111111111111101000000000000000000000000000000100000000000000001000000000000010011111111111111110000000000000000
11111111111111011111111111111101000000000000000000000000000000100000000000000001000000000000010011111111111111110000000000000000
11111111111111011111111111111101000000000000000000000000000000100000000000000001000000000000010011111111111111110000000000000000
11111111111111011111111111111101000000000000000000000000000000100000000000000001000000000000010011111111111111110000000000000000
11111111111111001111111111111010111111111111110100000000000000110000000000000010000000000000011111111111111111100000000000000001
11111111111111011111111111111011111111111111110000000000000000110000000000000011000000000000010000000000000000000000000000000000
11111111111111011111111111111101000000000000000000000000000000100000000000000001000000000000010011111111111111110000000000000000
11111111111111011111111111111101000000000000000000000000000000100000000000000001000000000000010011111111111111110000000000000000
11111111111111001111111111111010111111111111110011111111111111111111111111111110000000000000100000000000000000010000000000001010
11111111111111101111111111111110000000000000000011111111111111111111111111111110000000000000010000000000000000000000000000000101
11111111111111011111111111111101000000000000000000000000000000100000000000000001000000000000010011111111111111110000000000000000
11111111111111011111111111111101000000000000000000000000000000100000000000000001000000000000010011111111111111110000000000000000
11111111111111011111111111111101111111111111111111111111111111101111111111111101000000000000010100000000000000100000000000001001
11111111111111011111111111111101111111111111111111111111111111101111111111111101000000000000010100000000000000100000000000001001
11111111111111011111111111111101000000000000000000000000000000100000000000000001000000000000010011111111111111110000000000000000
00000000000000010000000000000000000000000000000011111111111111111111111111111111111111111111111000000000000000010000000000000000
