11111111111111110000000000000001000000000000001000000000000000001111111111111110111111111111111000000000000000111111111111111101
11111111111111110000000000000001000000000000001000000000000000001111111111111110111111111111111000000000000000111111111111111101
11111111111111110000000000000001000000000000001000000000000000001111111111111110111111111111111000000000000000111111111111111101
11111111111111110000000000000001000000000000001000000000000000001111111111111110111111111111111000000000000000111111111111111101
11111111111111011111111111111111000000000000100000000000000000101111111111111101111111111111101100000000000010001111111111111101
11111111111111110000000000000001000000000000010000000000000000111111111111111111111111111111110000000000000001011111111111111110
11111111111111110000000000000001000000000000001000000000000000001111111111111110111111111111111000000000000000111111111111111101
11111111111111110000000000000001000000000000001000000000000000001111111111111110111111111111111000000000000000111111111111111101
11111111111111101111111111111100000000000000101011111111111111111111111111111111111111111111100000000000000010000000000000000001
11111111111111111111111111111110000000000000010011111111111111101111111111111111111111111111110100000000000000110000000000000000
11111111111111110000000000000001000000000000001000000000000000001111111111111110111111111111111000000000000000111111111111111101
11111111111111110000000000000001000000000000001000000000000000001111111111111110111111111111111000000000000000111111111111111101
00000000000000001111111111111110000000000000010011111111111111010000000000000000111111111111101100000000000000110000000000000001
00000000000000001111111111111110000000000000010011111111111111010000000000000000111111111111101100000000000000110000000000000001
11111111111111110000000000000001000000000000001000000000000000001111111111111110111111111111111000000000000000111111111111111101
00000000000000000000000000000000000000000000000000000000000000001111111111111110000000000000000000000000000000011111111111111111
