00000000000000101111111111111111000000000000000100000000000000001111111111111110000000000000000000000000000000100000000000000000
00000000000000101111111111111111000000000000000100000000000000001111111111111110000000000000000000000000000000100000000000000000
00000000000000101111111111111111000000000000000100000000000000001111111111111110000000000000000000000000000000100000000000000000
00000000000000101111111111111111000000000000000100000000000000001111111111111110000000000000000000000000000000100000000000000000
00000000000000011111111111111101111111111111111111111111111111111111111111111100000000000000000000000000000001010000000000000000
00000000000000101111111111111110111111111111111000000000000000001111111111111101000000000000000100000000000000100000000000000000
00000000000000101111111111111111000000000000000100000000000000001111111111111110000000000000000000000000000000100000000000000000
00000000000000101111111111111111000000000000000100000000000000001111111111111110000000000000000000000000000000100000000000000000
11111111111111001111111111111011000000000000000100000000000000100000000000000001111111111111111100000000000001100000000000000000
11111111111111101111111111111110000000000000001000000000000000010000000000000001111111111111111100000000000000110000000000000000
00000000000000101111111111111111000000000000000100000000000000001111111111111110000000000000000000000000000000100000000000000000
00000000000000101111111111111111000000000000000100000000000000001111111111111110000000000000000000000000000000100000000000000000
11111111111111011111111111111101000000000000001100000000000000110000000000000011111111111111111100000000000000110000000000000000
11111111111111011111111111111101000000000000001100000000000000110000000000000011111111111111111100000000000000110000000000000000
00000000000000101111111111111111000000000000000100000000000000001111111111111110000000000000000000000000000000100000000000000000
11111111111111110000000000000001000000000000000111111111111111100000000000000001000000000000000011111111111111110000000000000000
