00000000000000001111111111111111111111111111110011111111111111111111111111111111000000000000000011111111111111110000000000000000
00000000000000001111111111111111111111111111110011111111111111111111111111111111000000000000000011111111111111110000000000000000
00000000000000001111111111111111111111111111110011111111111111111111111111111111000000000000000011111111111111110000000000000000
00000000000000001111111111111111111111111111110011111111111111111111111111111111000000000000000011111111111111110000000000000000
11111111111111001111111111111111111111111111101011111111111111110000000000000000000000000000000111111111111110110000000000000000
11111111111111001111111111111111111111111111110000000000000000000000000000000001000000000000001011111111111111100000000000000010
00000000000000001111111111111111111111111111110011111111111111111111111111111111000000000000000011111111111111110000000000000000
00000000000000001111111111111111111111111111110011111111111111111111111111111111000000000000000011111111111111110000000000000000
11111111111101100000000000000010111111111111111000000000000000111111111111111000000000000000011011111111111110111111111111111110
11111111111111010000000000000001111111111111111100000000000000011111111111111011000000000000001011111111111111101111111111111110
00000000000000001111111111111111111111111111110011111111111111111111111111111111000000000000000011111111111111110000000000000000
00000000000000001111111111111111111111111111110011111111111111111111111111111111000000000000000011111111111111110000000000000000
11111111111110100000000000000010000000000000000000000000000000111111111111110111000000000000010111111111111111111111111111111110
11111111111110100000000000000010000000000000000000000000000000111111111111110111000000000000010111111111111111111111111111111110
00000000000000001111111111111111111111111111110011111111111111111111111111111111000000000000000011111111111111110000000000000000
00000000000000101111111111111111111111111111111000000000000000100000000000000010111111111111110011111111111111101111111111111111
