# [Time Step Major] Bits: Row7(MSB)..Row0(LSB) #
00000000000000010000000000000000
00010000000000010000000000000001
00010000000000010000000000000000
00010000000000010000000000000000
00010000000000010000000000000000
00010000000000010000000000000000
00010000000000010000000000000000
00010000000000010000000000000000
00010000000000010000000000000000
00010000000000010000000000000000
00010000000000010000000000000000
00000000000000000000000000000000
00010000000000100000000000000001
00010000000000100000000000000001
00010000000000010000000000000001
00010000000000010000000000000000
00010000000000010000000000000000
00000001000000010000000000000001
00000000000100100000000000010001
00000000000000100000000000100001
00000000000000010000000000010000
00010000000000010000000000000000
00010000000000010000000000000000
00000001000000100000000000000001
00000001000000010000000000010001
00000000000000010000000000100000
00000000000000010000000000100000
00010000000000010000000000000000
00000001000000000000000000000000
00000001000000000000000000000000
00000001000000010000000100100001
00000001000000000000000000100000
00000001000000010000000000010000
00000001000000010000000000000001
00000011000000010000000000000010
00000011000000000000000000000010
